% Use example data frame from Krippendorff

A = [1 2 3 3 2 1 4 1 2 nan nan nan];
B = [1 2 3 3 2 2 4 1 2 5 nan 3];
C = [nan 3 3 3 2 3 4 2 2 5 1 nan];
D = [1 2 3 3 2 4 4 1 2 5 1 nan];

dat = [A; B; C; D];


